3563930910121160
3563930910125880
3563930910121483
3563930910120485
3563930910122366
3563930910127308
3563930910128413
3563930910125476
3563930910125146
3563930910121558
3563930910126672
3563930910124883
3563930910127654
3563930910123703
3563930910121160
3563930910123125
3563930910120634
3563930910120055
3563930910120774
3563930910126268
3563930910128272
3563930910127464
3563930910120527
3563930910120162
3563930910122051
3563930910120808
3563930910124354
3563930910121202
3563930910126276
3563930910124354
3563930910126516
3563930910128678
3563930910128314
3563930910126623
3563930910124511
3563930910125666
3563930910121822
3563930910126458
3563930910124347
3563930910125583
3563930910121863
3563930910120600
3563930910120162
3563930910122200
3563930910125252
3563930910125484
3563930910120386